Phages designation,Pseudomonas_aeruginosa_4072,Pseudomonas_aeruginosa_4024,Pseudomonas_aeruginosa_4060,Pseudomonas_aeruginosa_4063,Pseudomonas_aeruginosa_4002,Pseudomonas_aeruginosa_4025,Pseudomonas_aeruginosa_4021,Pseudomonas_aeruginosa_4031,Pseudomonas_aeruginosa_4032,Pseudomonas_aeruginosa_4030,Pseudomonas_aeruginosa_4003,Pseudomonas_aeruginosa_4005,Pseudomonas_aeruginosa_4029,Pseudomonas_aeruginosa_4066,Pseudomonas_aeruginosa_4069,Pseudomonas_aeruginosa_4067,Pseudomonas_aeruginosa_4008,Pseudomonas_aeruginosa_4020,Pseudomonas_aeruginosa_4026,Pseudomonas_aeruginosa_4047,Pseudomonas_aeruginosa_4070,Pseudomonas_aeruginosa_4049
Pseudomonas_aeruginosa_4072,1.0,0.08966007733795828,0.9708537350711048,0.09056367382762182,0.08221402372444776,0.08747049381342735,0.07894450434907928,0.08796882641429105,0.08870968229987977,0.08791571524796782,0.0839029132800466,0.08467669100698634,0.08919801367639256,0.08940079979943233,0.08014901668994566,0.07992658678353201,0.08436172090849713,0.08943053784345202,0.08452559956665535,0.08928307849492201,0.08385023039640066,0.08405463004961901
Pseudomonas_aeruginosa_4024,0.08240589748399409,1.0,0.08260263744982921,0.9305267020612696,0.07026824003978958,0.8352168604510051,0.07017285145561723,0.07018573623175507,0.07226252692024863,0.07109479353795944,0.0742944815750786,0.07418400386213916,0.07406246152880305,0.07312873886255018,0.07188674646159697,0.071837441783033,0.0745549242075488,0.07389239112373698,0.07436227362296428,0.07374169119982862,0.07348604535397804,0.06999568380107186
Pseudomonas_aeruginosa_4060,0.9783312893393713,0.09026917803475575,1.0,0.09128666065158515,0.0831446923668204,0.08799104219461219,0.08041161759701815,0.08907207645008643,0.08967543477033084,0.08909736658272766,0.08483272100104132,0.0856492912485921,0.09020482551179437,0.09022364151258999,0.08051926320294771,0.08011233052253773,0.08532504450124397,0.09033878512019577,0.08555803882520191,0.0901540973078025,0.08481525600396818,0.08508571211715404
Pseudomonas_aeruginosa_4063,0.08287426888366917,0.9242499781989805,0.08278673815261381,1.0,0.07173349763774244,0.85114707533391,0.07036846032755387,0.07130075687126163,0.07289592408018805,0.07160048669732932,0.0748929674307577,0.07459869132001064,0.07499297167763126,0.07371416880739622,0.07210156230142414,0.07255689707452564,0.07497381912482239,0.07480662413115202,0.07460178988421111,0.07460883940126468,0.07429453728378582,0.0714002328245592
Pseudomonas_aeruginosa_4002,0.07805028690326066,0.0776882025815863,0.07828868036124148,0.07811131286647449,1.0,0.07653876831913314,0.07321508392966518,0.8491572865245767,0.8779972328823371,0.855284816421235,0.8653801701780112,0.8793030664619712,0.8886188120945119,0.9173265799821337,0.07493062773498416,0.07288981136760644,0.8869319133271996,0.8775834485666456,0.8690178898635027,0.8662753815504548,0.8854179329343516,0.0758498005164021
Pseudomonas_aeruginosa_4025,0.08515902102856686,0.9375396052372447,0.0852968525342292,0.9654280625591894,0.07514564765661712,1.0,0.07453250466322227,0.07507168393200701,0.07714130308802716,0.07589107025811677,0.07812237621005863,0.07815973710877089,0.07833641288060167,0.07651417374511438,0.07629423727756389,0.07629460362996324,0.07837258320176191,0.07826306739664533,0.07819582516362472,0.07815603726230605,0.07791118058603476,0.0752594865738038
Pseudomonas_aeruginosa_4021,0.07832784277762594,0.07750141358240872,0.07815811596697664,0.07883697658253644,0.07630775475773265,0.07662605457158173,1.0,0.0755733271919466,0.07690900210552841,0.07554420603280518,0.07738898986911556,0.07642288789172608,0.07733309018671333,0.07735149208223485,0.07430250745987864,0.0754368976791581,0.0782146404151272,0.07755943813848577,0.07553719005068868,0.07784409933223692,0.07696487507526807,0.07919407617480806
Pseudomonas_aeruginosa_4031,0.08505578721942286,0.07817936508189216,0.0848484849700053,0.07907525154039989,0.8613731222073858,0.07724924592335049,0.07328072118706586,1.0,0.9565950833737282,0.9468112718460514,0.837738418226915,0.865386755468225,0.9581986700992339,0.9037033260869214,0.08200446399193599,0.08118018418794201,0.8593284274491443,0.9548702583692047,0.8547525181661864,0.9432317610537169,0.8503636819378125,0.07474199260561867
Pseudomonas_aeruginosa_4032,0.07939586358591359,0.07263209767623753,0.0792452657017713,0.0735549834856018,0.8332090229882588,0.07183060524529762,0.06816327012309482,0.8941253025541063,1.0,0.9399584803425599,0.8374853891426864,0.8542358186667479,0.9718553504840317,0.9209911384764392,0.06996702346087406,0.06996373983585084,0.8619505370879434,0.9692270769465019,0.8433103648517445,0.957487941951026,0.865730992881385,0.07007371541621572
Pseudomonas_aeruginosa_4030,0.07992855676851357,0.07222355818521896,0.07981776462107064,0.07314981738846821,0.8191962155488126,0.07152614900077263,0.0685200373231092,0.9007002931344693,0.9507560254537394,1.0,0.8227799756820999,0.8401198587949498,0.9619957423567836,0.9067689895758738,0.07069751467159842,0.06967958015639951,0.8465958743654178,0.9504477079573629,0.8287220230917081,0.9416530282755184,0.84983734045448,0.06938118532366254
Pseudomonas_aeruginosa_4003,0.07239197057770717,0.07373947752503707,0.07263829444117482,0.07380255469502406,0.811840616939785,0.07224294958063246,0.06766530385481678,0.7877435473345057,0.83882810566216,0.8287307522926503,1.0,0.9232528939496173,0.8576233782353575,0.8674500337746417,0.07092784480560269,0.070805057082864,0.9892275003295531,0.8536472695698362,0.9119827786736868,0.842216992414211,0.8366077894095192,0.07015371757831171
Pseudomonas_aeruginosa_4005,0.07264795436784315,0.07208508928160633,0.0724253572457427,0.07222826052370906,0.8277802661470021,0.07130982060339092,0.06673367766006702,0.8078645714183587,0.8510490566536063,0.8323722574120882,0.91793850667481,1.0,0.869663219776353,0.8725842792658477,0.06865918423512157,0.06871570748979823,0.9441951381119529,0.8657840508017093,0.9881858518230208,0.8546171614780448,0.8478602702374883,0.0710302966235256
Pseudomonas_aeruginosa_4029,0.08140369807524929,0.0718843162622249,0.08124344119063581,0.07287013195947223,0.8362096101281261,0.07082274187737982,0.06740227600357619,0.8976081169385627,0.9693036281769103,0.9555225018118444,0.8504997004576368,0.8676926942526264,1.0,0.9388188035044971,0.06930178933112169,0.06878341602804618,0.8753834537350499,0.9848142232726866,0.8567769376742876,0.9721449098241571,0.8788951147834559,0.06899283432688917
Pseudomonas_aeruginosa_4066,0.08059637763522079,0.07044577255096798,0.08069472032372714,0.07189762762497068,0.8436321911037734,0.06994200747904304,0.0668963510075492,0.8352917050189284,0.9087623859675242,0.8912286694001292,0.8466161033373598,0.8560508892927211,0.9277638162038699,1.0,0.0688694618976468,0.06770015830497443,0.871634754012598,0.9231136322733339,0.8455829179348135,0.9117557411444758,0.880673462706477,0.06923722472563376
Pseudomonas_aeruginosa_4069,0.07785488549795734,0.08170477779634909,0.07797715101352018,0.08259486376409995,0.07741589212968401,0.0811266518038901,0.07795203062266481,0.08790524157871603,0.07877921971704217,0.07663884130465291,0.07794638298671802,0.07816204118765394,0.07786615232559867,0.07856992094135384,1.0,0.7146801214984205,0.07872024879660895,0.07829380808065255,0.07815090694205475,0.07889649983920732,0.07913542517977264,0.076029130674394
Pseudomonas_aeruginosa_4067,0.08184417691736527,0.08490915614294477,0.0821208301133508,0.08670199579637011,0.07971862004998127,0.08569150582232637,0.07835686862531131,0.08812310074919291,0.08126860920413426,0.07929276647489057,0.07899328722581136,0.08035444755012786,0.08114923374771746,0.0807579873684976,0.7286156701256903,1.0,0.07986261202997134,0.08132317495150854,0.08035444755012786,0.08163809577506759,0.0809426082051019,0.07801421164008156
Pseudomonas_aeruginosa_4008,0.0722611153421187,0.0732866487796193,0.07245789267982386,0.07336460062550992,0.8224358188778819,0.07180784381359598,0.06723645537532305,0.7960275283192766,0.8501210618564478,0.8315348439744065,0.97354190480126,0.9342859475303078,0.8687066302447433,0.8785316472580412,0.07060796138181603,0.07051133331431106,1.0,0.864773740151673,0.9231383335073765,0.8534677051390437,0.8480350411476474,0.06980994850683801
Pseudomonas_aeruginosa_4020,0.08175840345627093,0.07191994149769945,0.08162686192364545,0.07286632523318631,0.8323073188113801,0.07083078089818734,0.06755761238548647,0.9010539558637704,0.9706875215865421,0.9492942188771485,0.8505422487227993,0.8675243646833942,0.9879165364180583,0.9377881601270304,0.0694778614259658,0.06923140240373597,0.8751612812206655,1.0,0.8567561582681018,0.9735990100232647,0.8785325203658779,0.06918303107477412
Pseudomonas_aeruginosa_4026,0.07464071679486536,0.0735319941176834,0.07442053920670079,0.0735744646964552,0.8209057255354446,0.07258167147019612,0.06836265597113289,0.8031780583095207,0.8432632892834055,0.8247604244871599,0.9093302176569118,0.9901596898973842,0.8619248286375927,0.865124635014093,0.07038762916585879,0.07003681745283384,0.9353014509262596,0.8581155052616832,1.0,0.8469876645287664,0.8399019414841611,0.07222819308346465
Pseudomonas_aeruginosa_4047,0.07908881521446187,0.0723772259060239,0.07887681032099196,0.07329970361958607,0.8238181996053452,0.07130753066519778,0.06782372169726775,0.889388043460394,0.9618826433738574,0.9439072965714087,0.843796463008774,0.8617397135226779,0.9794027827398158,0.9296786151760995,0.06997326439649178,0.06955968082321307,0.8689506918652894,0.9783722333706458,0.8512400193603002,1.0,0.872109753649728,0.06957654661803316
Pseudomonas_aeruginosa_4070,0.07177299153920592,0.07013811862996101,0.07158532415071064,0.07096452151817825,0.8262671665392283,0.06956384745267905,0.06552346341681169,0.789480408941725,0.8557812588923971,0.836854232831023,0.83564168605612,0.844833478699499,0.8743081489991175,0.9007669142769308,0.06809166684308353,0.06720321671682339,0.8607222724321308,0.8699204173406124,0.836626136953504,0.8578413022880962,1.0,0.067806506360901
Pseudomonas_aeruginosa_4049,0.09038960097011321,0.07898107663233275,0.09030447476735944,0.0812135480025644,0.07858110947430062,0.08035115577343856,0.0787274331600126,0.07650331040919235,0.07781286670446246,0.07827226820536118,0.08190511660597335,0.0811523068943523,0.07893822599524584,0.08003445324393661,0.07387729177188716,0.07288174087816247,0.0821720561587868,0.0788651566581574,0.08109321106060859,0.07859559100975677,0.07998536197557084,1.0
